[[ 297.4   57.4  100.2  111.  7402.7 7414.1 7417.9 7260.8]
 [ 142.3  306.8 7313.3  217.7 7442.4 7492.7 7451.8 7232.3]
 [  93.8  199.7  336.9   96.6  124.  7233.5  307.2 7318.1]
 [  36.1  212.9  121.6  131.3   43.2 7362.   444.2 7273.7]
 [ 101.3  284.5   49.7  124.3   51.1 7324.7   81.8 7388.6]
 [ 209.  7447.7   87.4 7435.1 7447.2   88.5 7392.1 7299.9]
 [7438.9  215.9 7238.5  395.5  187.7  250.5   83.  7060.7]
 [  13.  7351.5 7343.5  120.6 7374.   105.6 7415.4 7182.6]]
[[0 0 0 0 1 1 1 1]
 [0 0 1 0 1 1 1 1]
 [0 0 0 0 0 1 0 1]
 [0 0 0 0 0 1 0 1]
 [0 0 0 0 0 1 0 1]
 [0 1 0 1 1 0 1 1]
 [1 0 1 0 0 0 0 1]
 [0 1 1 0 1 0 1 1]]
Warning: Edge detected.
[[  44.8  191.5  190.9 7333.8  105.9 7445.8 7100.4 6991.9]
 [7431.1 7431.8  525.8  267.  7174.8 7478.9 7239.1   20.3]
 [7310.9 7376.9  434.3  313.6   74.2 7171.6 7444.1 7308.2]
 [ 197.8   40.2   84.9  130.  7443.3 7234.2  129.6 7400.9]
 [ 107.9  209.   190.2  301.8 7485.4   21.   127.4 7089.8]
 [ 110.8  296.3  215.6 7339.2  171.6 7304.2 7422.2 7483.6]
 [  43.1  230.5 7453.2  321.1 7480.2 7498.    33.9 7388.6]
 [7140.5  205.3 7435.8  359.7 7223.7  120.  7327.8 7302.1]]
[[0 0 0 1 0 1 1 1]
 [1 1 0 0 1 1 1 0]
 [1 1 0 0 0 1 1 1]
 [0 0 0 0 1 1 0 1]
 [0 0 0 0 1 0 0 1]
 [0 0 0 1 0 1 1 1]
 [0 0 1 0 1 1 0 1]
 [1 0 1 0 1 0 1 1]]
Warning: Edge detected.
[[  73.6   51.5  190.4 7488.4 7497.  7361.8  112.  7082.8]
 [7476.6  114.8  200.   218.4   62.4  194.6 7403.1 7489.7]
 [ 279.  7445.4  108.9  182.7 7359.6 7478.8 7354.6 7216. ]
 [  72.2  267.9  135.1 7491.2 7322.3   28.9  183.2 7386.3]
 [7491.6  173.9  299.4   83.  7213.2 7329.8 7435.7 7476.8]
 [ 110.3  462.3   70.4  358.3 7427.1  125.5   19.9 7411.7]
 [7466.7  248.3  149.1  127.4   78.5 7484.9  135.  6904.7]
 [ 108.5 7499.6  361.7  118.8 7491.4 7142.9 7432.  7479.9]]
[[0 0 0 1 1 1 0 1]
 [1 0 0 0 0 0 1 1]
 [0 1 0 0 1 1 1 1]
 [0 0 0 1 1 0 0 1]
 [1 0 0 0 1 1 1 1]
 [0 0 0 0 1 0 0 1]
 [1 0 0 0 0 1 0 1]
 [0 1 0 0 1 1 1 1]]
Warning: Edge detected.
[[7.4656e+03 4.2000e+00 7.4984e+03 7.4874e+03 3.4540e+02 7.2809e+03
  6.9378e+03 7.2434e+03]
 [7.2930e+03 1.1540e+02 7.4849e+03 1.1720e+02 7.4976e+03 1.9770e+02
  7.1476e+03 7.3306e+03]
 [7.4563e+03 1.1110e+02 1.0950e+02 3.9400e+02 7.4102e+03 1.1270e+02
  7.3107e+03 7.2480e+03]
 [7.4727e+03 5.9000e+00 1.2040e+02 1.6620e+02 4.0160e+02 7.3152e+03
  5.5660e+02 3.4050e+02]
 [7.3476e+03 1.2120e+02 1.8760e+02 1.2310e+02 3.5560e+02 4.4800e+01
  2.4320e+02 7.0118e+03]
 [6.7500e+01 2.7830e+02 1.7100e+01 2.6420e+02 2.6400e+01 2.8120e+02
  7.2677e+03 7.0595e+03]
 [7.3944e+03 2.4110e+02 1.7120e+02 7.3167e+03 7.3755e+03 7.3727e+03
  1.3560e+02 7.4564e+03]
 [7.4723e+03 4.7000e+00 7.3896e+03 1.1940e+02 7.2966e+03 7.2293e+03
  2.5030e+02 3.0000e+00]]
[[0 1 0 0 1 0 0 0]
 [0 1 0 1 0 1 0 0]
 [0 1 1 1 0 1 0 0]
 [0 1 1 1 1 0 1 1]
 [0 1 1 1 1 1 1 0]
 [1 1 1 1 1 1 0 0]
 [0 1 1 0 0 0 1 0]
 [0 1 0 1 0 0 1 1]]
Warning: Edge detected.
[[ 168.3   62.3  285.2  110.3  410.6 7304.2 7488.1 7316. ]
 [7480.5 7436.9  305.1 7431.4  135.2  123.5   21.3   96.5]
 [7490.3 7343.3  110.   441.3 7325.1   89.2   20.2 7200.2]
 [  25.4 7465.7  278.4  297.8 7283.2   82.8  212.6 7366.6]
 [  80.5  434.5  411.1  123.6 7436.7 7428.6  366.4 7402. ]
 [  20.4  231.9  275.4 7464.2  133.3 7464.1 7454.7 7447.6]
 [ 145.8 7353.8  131.5  357.2   18.8   63.3 7317.4 7022.6]
 [7397.    96.  7289.6  327.4 7456.7 7211.  7097.9 7354.8]]
[[0 0 0 0 0 1 1 1]
 [1 1 0 1 0 0 0 0]
 [1 1 0 0 1 0 0 1]
 [0 1 0 0 1 0 0 1]
 [0 0 0 0 1 1 0 1]
 [0 0 0 1 0 1 1 1]
 [0 1 0 0 0 0 1 1]
 [1 0 1 0 1 1 1 1]]
Warning: Edge detected.
[[3.2000e+00 7.4120e+03 7.3688e+03 1.9920e+02 7.3630e+03 7.4223e+03
  7.3316e+03 6.9038e+03]
 [9.6100e+01 7.3681e+03 3.6100e+01 1.1900e+02 7.3906e+03 5.9900e+01
  7.0327e+03 7.0598e+03]
 [7.1472e+03 3.8800e+01 3.4990e+02 1.1820e+02 7.3519e+03 7.4287e+03
  7.2117e+03 7.4081e+03]
 [2.9500e+01 1.9270e+02 2.9230e+02 4.5000e+01 7.4437e+03 7.4710e+03
  8.7400e+01 1.1550e+02]
 [7.4288e+03 4.4060e+02 2.9920e+02 4.2320e+02 3.8400e+01 1.8400e+01
  3.9050e+02 7.0789e+03]
 [3.8830e+02 3.0330e+02 4.0860e+02 1.9090e+02 7.3738e+03 7.3287e+03
  7.4888e+03 7.3970e+03]
 [6.8300e+01 7.4882e+03 1.3280e+02 1.2980e+02 1.3900e+01 1.0800e+02
  7.4913e+03 7.0390e+03]
 [1.1090e+02 2.0000e+00 1.6960e+02 1.2120e+02 7.2680e+03 2.6300e+01
  7.3516e+03 7.4209e+03]]
[[0 1 1 0 1 1 1 1]
 [0 1 0 0 1 0 1 1]
 [1 0 0 0 1 1 1 1]
 [0 0 0 0 1 1 0 0]
 [1 0 0 0 0 0 0 1]
 [0 0 0 0 1 1 1 1]
 [0 1 0 0 0 0 1 1]
 [0 0 0 0 1 0 1 1]]
Warning: Edge detected.
[[  33.4 7437.   191.9 7272.   127.4 7253.1 7401.9 7319.8]
 [7471.1  124.2  119.6  250.3 7301.3   19.7   73.5 7244.9]
 [7363.6 7474.2  144.    70.5  101.3 7395.5 7392.1 7497.8]
 [7476.4  233.3  151.9  131.  7398.1  183.9  550.5 7140.8]
 [  24.4  194.1  491.9  124.  7435.6 7423.   128.4 7422.5]
 [  47.2 7478.1  107.5   20.8 7403.5 7308.7  136.1 7193.1]
 [ 106.2  218.3 7405.1  128.9 7450.2   14.6  188.1 6955.6]
 [ 256.9  123.1   88.9  120.3 7320.1   50.1  127.  7481.4]]
[[0 1 0 1 0 1 1 1]
 [1 0 0 0 1 0 0 1]
 [1 1 0 0 0 1 1 1]
 [1 0 0 0 1 0 0 1]
 [0 0 0 0 1 1 0 1]
 [0 1 0 0 1 1 0 1]
 [0 0 1 0 1 0 0 1]
 [0 0 0 0 1 0 0 1]]
Warning: Edge detected.
[[7469.7  107.3 7389.2   24.4  227.6 7387.6 7150.6 7292.6]
 [7385.    74.6  176.2 7429.1  122.9  247.6 7374.9 7390.8]
 [7381.6  218.2  128.8  542.5  124.  7337.5 7405.1 7421.3]
 [7217.9  124.5  121.6   48.9  129.8 7436.3  130.9 7388.1]
 [7466.6  323.3  480.2  282.2  170.1 7141.    24.4 7215.1]
 [7442.3  338.1  198.8   44.9  314.9 7307.2 7455.4 7359.2]
 [ 239.4  176.4  109.   193.3 7361.9   50.9  201.4 7049.5]
 [ 110.3 7476.8   18.2  120.6 7283.6 7464.3  127.3 7182.6]]
[[0 1 0 1 1 0 0 0]
 [0 1 1 0 1 1 0 0]
 [0 1 1 1 1 0 0 0]
 [0 1 1 1 1 0 1 0]
 [0 1 1 1 1 0 1 0]
 [0 1 1 1 1 0 0 0]
 [1 1 1 1 0 1 1 0]
 [1 0 1 1 0 0 1 0]]
Warning: Edge detected.
[[1.8120e+02 7.4215e+03 5.3000e+01 1.1030e+02 8.0200e+01 7.3900e+03
  7.2462e+03 7.4539e+03]
 [6.8100e+01 7.3733e+03 2.0110e+02 7.4935e+03 7.1587e+03 7.4245e+03
  6.9483e+03 3.0000e+00]
 [7.4243e+03 7.4858e+03 2.9810e+02 3.0650e+02 1.8290e+02 2.2500e+01
  7.2864e+03 7.4190e+03]
 [7.1513e+03 8.2100e+01 3.5690e+02 2.1320e+02 2.1150e+02 1.1770e+02
  1.5070e+02 7.3715e+03]
 [1.4270e+02 2.7590e+02 7.7600e+01 1.2360e+02 7.3197e+03 7.3867e+03
  1.2800e+02 7.4020e+03]
 [1.6380e+02 3.4740e+02 2.5230e+02 1.9470e+02 7.1757e+03 7.4402e+03
  7.4025e+03 7.1601e+03]
 [9.1000e+00 5.4300e+01 1.3150e+02 7.3611e+03 7.4377e+03 7.3988e+03
  1.3610e+02 7.2459e+03]
 [7.4124e+03 7.4790e+03 4.2800e+01 7.3491e+03 7.4479e+03 7.3841e+03
  1.2660e+02 7.4781e+03]]
[[0 1 0 0 0 1 1 1]
 [0 1 0 1 1 1 1 0]
 [1 1 0 0 0 0 1 1]
 [1 0 0 0 0 0 0 1]
 [0 0 0 0 1 1 0 1]
 [0 0 0 0 1 1 1 1]
 [0 0 0 1 1 1 0 1]
 [1 1 0 1 1 1 0 1]]
Warning: Edge detected.
[[1.7820e+02 5.7700e+01 1.6000e+01 7.4299e+03 2.6210e+02 1.0020e+02
  1.1260e+02 7.4027e+03]
 [7.2684e+03 3.3300e+01 1.1870e+02 7.4369e+03 7.3919e+03 2.2600e+02
  7.3410e+03 4.0800e+01]
 [7.2671e+03 2.2100e+01 1.6390e+02 2.6290e+02 1.6950e+02 7.3578e+03
  7.4456e+03 7.0595e+03]
 [2.2360e+02 2.0910e+02 1.2040e+02 1.3010e+02 7.4568e+03 7.4750e+03
  8.5600e+01 7.3093e+03]
 [2.2610e+02 2.5950e+02 1.1930e+02 1.6540e+02 7.3432e+03 7.2871e+03
  2.0470e+02 7.4000e+00]
 [2.0520e+02 2.9640e+02 1.9500e+02 7.4369e+03 7.3621e+03 7.3182e+03
  7.4962e+03 7.3314e+03]
 [3.2180e+02 1.2770e+02 1.3100e+02 3.2120e+02 7.3404e+03 7.4489e+03
  7.4534e+03 2.6650e+02]
 [1.9860e+02 1.2220e+02 2.8550e+02 7.2884e+03 7.2841e+03 7.4379e+03
  7.3364e+03 7.4719e+03]]
[[0 0 0 1 0 0 0 1]
 [1 0 0 1 1 0 1 0]
 [1 0 0 0 0 1 1 1]
 [0 0 0 0 1 1 0 1]
 [0 0 0 0 1 1 0 0]
 [0 0 0 1 1 1 1 1]
 [0 0 0 0 1 1 1 0]
 [0 0 0 1 1 1 1 1]]
Warning: Edge detected.
[[ 106.   132.5  117.4 7468.8 7235.2  147.2 7349.  7251.2]
 [7376.4   27.8 7348.6 7423.8 7345.3  275.1 7382.2 7226. ]
 [ 241.6 7336.6  110.  7347.3  283.4 7388.9  348.   114.4]
 [ 185.5  162.8   58.1  279.9   42.5 7298.2  130.2  114.2]
 [7443.9  400.   224.9  210.7 7376.9  164.9   20.7 7306.6]
 [ 304.3  213.6  159.2 7443.5 7474.7 7434.2 7331.7  114.4]
 [ 116.6  186.2 7443.3  128.5   60.8 7365.    27.  7148. ]
 [7132.4  172.1  231.2  309.5   96.3 7180.2 7439.2 6995.6]]
[[0 0 0 1 1 0 1 1]
 [1 0 1 1 1 0 1 1]
 [0 1 0 1 0 1 0 0]
 [0 0 0 0 0 1 0 0]
 [1 0 0 0 1 0 0 1]
 [0 0 0 1 1 1 1 0]
 [0 0 1 0 0 1 0 1]
 [1 0 0 0 0 1 1 1]]
Warning: Edge detected.
[[7.4550e+03 7.3349e+03 7.3886e+03 7.4060e+03 1.0660e+02 1.4730e+02
  7.4205e+03 7.2422e+03]
 [2.2210e+02 1.1600e+02 1.1930e+02 7.4085e+03 7.4919e+03 7.4414e+03
  7.4556e+03 7.3175e+03]
 [7.3568e+03 1.5000e+00 7.4489e+03 1.1700e+02 1.5710e+02 6.7300e+01
  7.4743e+03 7.3865e+03]
 [7.1617e+03 1.2390e+02 7.3431e+03 2.4420e+02 2.6280e+02 7.4654e+03
  1.3030e+02 7.4412e+03]
 [3.3710e+02 1.0420e+02 2.6940e+02 1.2370e+02 7.2555e+03 7.4815e+03
  1.2810e+02 7.2145e+03]
 [1.1150e+02 2.0320e+02 2.3430e+02 1.8970e+02 7.3357e+03 7.2285e+03
  7.3470e+03 1.1450e+02]
 [7.4414e+03 7.4633e+03 7.4434e+03 1.2860e+02 7.4826e+03 3.8240e+02
  2.3170e+02 7.1567e+03]
 [9.6400e+01 7.4411e+03 4.2310e+02 1.2000e+02 4.0500e+01 7.2810e+03
  7.2282e+03 7.4362e+03]]
[[0 0 0 0 1 1 0 0]
 [1 1 1 0 0 0 0 0]
 [0 1 0 1 1 1 0 0]
 [0 1 0 1 1 0 1 0]
 [1 1 1 1 0 0 1 0]
 [1 1 1 1 0 0 0 1]
 [0 0 0 1 0 1 1 0]
 [1 0 1 1 1 0 0 0]]
Warning: Edge detected.
[[3.7430e+02 1.0570e+02 2.6170e+02 1.0940e+02 1.5960e+02 7.4831e+03
  7.3174e+03 6.9704e+03]
 [7.3755e+03 7.3495e+03 2.8140e+02 1.1680e+02 1.6560e+02 7.4112e+03
  8.1900e+01 7.4990e+03]
 [4.5120e+02 4.5400e+01 3.5530e+02 1.8810e+02 7.4052e+03 2.2970e+02
  1.4180e+02 7.4090e+03]
 [7.3864e+03 7.2791e+03 1.2000e+02 4.9770e+02 1.7450e+02 7.4702e+03
  1.2930e+02 1.1330e+02]
 [5.7500e+01 2.0610e+02 2.2920e+02 7.4740e+03 7.2153e+03 7.4155e+03
  2.4030e+02 7.2078e+03]
 [7.3177e+03 1.2630e+02 2.4110e+02 2.7140e+02 6.2700e+01 7.4054e+03
  7.3494e+03 5.8000e+00]
 [2.8000e+01 7.4156e+03 2.6690e+02 1.7030e+02 1.4400e+02 7.4470e+03
  7.4589e+03 7.3883e+03]
 [3.3000e+02 7.3196e+03 9.1700e+01 7.3107e+03 1.2190e+02 7.3654e+03
  7.3068e+03 7.4232e+03]]
[[0 0 0 0 0 1 1 1]
 [1 1 0 0 0 1 0 1]
 [0 0 0 0 1 0 0 1]
 [1 1 0 0 0 1 0 0]
 [0 0 0 1 1 1 0 1]
 [1 0 0 0 0 1 1 0]
 [0 1 0 0 0 1 1 1]
 [0 1 0 1 0 1 1 1]]
Warning: Edge detected.
[[ 496.2  172.5 7372.5 7380.6   11.5 7328.3  262.6 7262.3]
 [7234.9  148.5   99.5   21.9 7212.2 7469.3  121.3 7383.8]
 [7282.1 7485.9  108.5  210.6 7441.6 7320.1  172.5 7431.1]
 [ 235.5  458.5  152.6  129.1   26.3 7463.8  203.3 7481.7]
 [  99.1  290.2  160.3 7422.5 7472.3   58.3 7464.8   57.8]
 [ 109.9  292.8  373.4  172.5  106.6 7173.   202.8 7395.7]
 [ 115.1 7494.9  130.  7426.3  132.9   17.2 7351.9 7434.5]
 [7347.4   64.1   16.  7340.8 7378.2 7364.8 7270.8 7328.4]]
[[0 0 1 1 0 1 0 1]
 [1 0 0 0 1 1 0 1]
 [1 1 0 0 1 1 0 1]
 [0 0 0 0 0 1 0 1]
 [0 0 0 1 1 0 1 0]
 [0 0 0 0 0 1 0 1]
 [0 1 0 1 0 0 1 1]
 [1 0 0 1 1 1 1 1]]
Warning: Edge detected.
[[7495.7 7477.    96.2   61.6 7412.8    7.7 7220.3 7469.1]
 [  37.3  112.6 7434.8 7283.7 7285.3   33.6 7479.7 7400.9]
 [7246.3 7335.   106.7  224.3 7490.6  128.2 7436.8   24. ]
 [  43.6 7484.4  391.3  142.8  136.  7451.8   25.6 7409.1]
 [ 136.8  264.6  273.8 7485.5  106.5 7315.7   41.  7255.5]
 [ 108.1   63.5   86.2   51.    29.6 7330.8  132.4 7328.6]
 [ 150.5  211.9   81.   125.2 7150.3  152.3   83.1 7139.4]
 [  19.5  119.4   33.7 7383.3 7463.7 7452.9 7224.8 7391.5]]
[[0 0 1 1 0 1 0 0]
 [1 1 0 0 0 1 0 0]
 [0 0 1 1 0 1 0 1]
 [1 0 1 1 1 0 1 0]
 [1 1 1 0 1 0 1 0]
 [1 1 1 1 1 0 1 0]
 [1 1 1 1 0 1 1 0]
 [1 1 1 0 0 0 0 0]]
Warning: Edge detected.
[[2.6030e+02 7.4985e+03 1.3720e+02 1.5080e+02 4.2800e+01 7.3433e+03
  7.3010e+03 7.3671e+03]
 [7.8400e+01 1.1270e+02 7.4055e+03 7.4550e+03 7.4777e+03 7.3787e+03
  7.3964e+03 1.1820e+02]
 [7.4916e+03 1.0840e+02 1.2490e+02 1.1370e+02 7.4474e+03 7.2856e+03
  7.4696e+03 7.4219e+03]
 [7.4714e+03 7.6100e+01 8.9000e+01 7.4357e+03 7.4332e+03 8.1000e+01
  2.6060e+02 7.4453e+03]
 [7.4363e+03 2.7800e+02 2.8430e+02 1.2040e+02 8.0000e+00 7.3175e+03
  2.0710e+02 1.5000e+01]
 [2.1000e+00 2.0900e+01 2.1050e+02 5.1100e+01 9.6800e+01 7.3462e+03
  9.8500e+01 7.0251e+03]
 [4.4370e+02 2.3050e+02 7.4609e+03 1.7600e+02 6.9200e+01 7.3618e+03
  7.4121e+03 7.0568e+03]
 [7.4437e+03 3.0100e+02 6.9900e+01 1.1670e+02 5.5900e+01 2.3300e+01
  1.2340e+02 7.4838e+03]]
[[0 1 0 0 0 1 1 1]
 [0 0 1 1 1 1 1 0]
 [1 0 0 0 1 1 1 1]
 [1 0 0 1 1 0 0 1]
 [1 0 0 0 0 1 0 0]
 [0 0 0 0 0 1 0 1]
 [0 0 1 0 0 1 1 1]
 [1 0 0 0 0 0 0 1]]
Warning: Edge detected.
[[7289.7  150.7   96.9  208.1  292.8  188.4   58.4 7040.9]
 [7381.7 7408.5  160.1 7475.8 7416.3 7486.2 7448.5 7424.7]
 [7418.7 7461.3  174.7  176.2  260.3   24.4   20.7 7353.2]
 [7360.5  121.2 7448.1  128.   206.3  162.9  174.  7392.7]
 [ 184.7  377.6  264.  7476.7 7434.1   67.1  169.1 7391.5]
 [  38.3  276.2  319.1  259.5   16.8 7220.2 7344.3 7394.6]
 [ 444.3 7390.4  128.9 7443.4 7491.1 7283.9  133.5 7338.9]
 [ 149.1  374.8   14.9 7358.  7408.8 7202.7 7173.9 7213.5]]
[[0 1 1 1 1 1 1 0]
 [0 0 1 0 0 0 0 0]
 [0 0 1 1 1 1 1 0]
 [0 1 0 1 1 1 1 0]
 [1 1 1 0 0 1 1 0]
 [1 1 1 1 1 0 0 0]
 [1 0 1 0 0 0 1 0]
 [1 1 1 0 0 0 0 0]]
Warning: Edge detected.
[[4.0600e+01 7.2844e+03 1.5800e+01 7.3975e+03 1.4800e+02 7.2304e+03
  7.4151e+03 7.3439e+03]
 [1.8880e+02 7.3872e+03 3.5350e+02 7.4720e+03 1.7400e+01 7.4100e+03
  7.3459e+03 6.8800e+01]
 [7.0612e+03 7.4575e+03 7.4628e+03 1.1480e+02 7.4165e+03 7.4208e+03
  7.4998e+03 7.4861e+03]
 [7.3328e+03 1.2170e+02 1.4680e+02 4.1630e+02 1.2700e+02 7.4962e+03
  2.0790e+02 2.9850e+02]
 [7.3241e+03 3.7500e+01 2.6190e+02 4.1230e+02 7.3748e+03 7.4519e+03
  7.3509e+03 1.3450e+02]
 [3.3750e+02 7.4222e+03 2.7850e+02 5.2200e+01 7.3454e+03 7.4737e+03
  1.3360e+02 7.3331e+03]
 [7.3439e+03 3.8000e+00 7.4620e+03 3.8400e+01 7.3165e+03 2.3990e+02
  5.0000e-01 7.0727e+03]
 [7.4825e+03 1.9850e+02 1.6620e+02 1.1780e+02 4.3660e+02 7.2999e+03
  8.0200e+01 1.0950e+02]]
[[0 1 0 1 0 1 1 1]
 [0 1 0 1 0 1 1 0]
 [1 1 1 0 1 1 1 1]
 [1 0 0 0 0 1 0 0]
 [1 0 0 0 1 1 1 0]
 [0 1 0 0 1 1 0 1]
 [1 0 1 0 1 0 0 1]
 [1 0 0 0 0 1 0 0]]
Warning: Edge detected.
[[1.2700e+02 7.2671e+03 7.4188e+03 1.2300e+01 7.2522e+03 7.3872e+03
  1.1340e+02 9.7300e+01]
 [7.2692e+03 3.1100e+01 7.4637e+03 2.5270e+02 6.8000e+01 7.9800e+01
  1.2310e+02 7.3760e+03]
 [7.3152e+03 7.4349e+03 4.0600e+01 2.5090e+02 7.3374e+03 7.2239e+03
  7.3391e+03 7.4329e+03]
 [2.3460e+02 2.2800e+02 1.2120e+02 9.5000e+01 7.4137e+03 7.4627e+03
  4.0900e+02 7.2571e+03]
 [1.0090e+02 1.4060e+02 2.5140e+02 2.5830e+02 7.4683e+03 7.4167e+03
  1.2830e+02 7.2911e+03]
 [1.2750e+02 2.8940e+02 6.8900e+01 7.4483e+03 4.3600e+01 7.3729e+03
  7.4741e+03 7.3507e+03]
 [3.2000e+00 4.6000e+00 1.3180e+02 1.7150e+02 7.2205e+03 8.0700e+01
  2.1900e+02 7.1219e+03]
 [7.3910e+03 1.9320e+02 7.4413e+03 1.2020e+02 7.2190e+03 7.4462e+03
  4.4300e+01 7.4934e+03]]
[[0 1 1 0 1 1 0 0]
 [1 0 1 0 0 0 0 1]
 [1 1 0 0 1 1 1 1]
 [0 0 0 0 1 1 0 1]
 [0 0 0 0 1 1 0 1]
 [0 0 0 1 0 1 1 1]
 [0 0 0 0 1 0 0 1]
 [1 0 1 0 1 1 0 1]]